4294967294,0
4294967279,343
4294967279,170
4294967279,330
4294967294,417
4294967278,347
4294967279,302
4294967279,163
4294967279,269
4294967278,271
4294967279,523
4294967294,492
4294967294,1098
4294967279,150
4294967279,146
4294967279,0
4294967279,260
4294967294,1415
4294967294,92
4294967294,30
4294967294,1164
4294967294,1019
4294967294,992
4294967294,990
4294967294,989
4294967294,988
4294967294,60
4294967294,50
4294967294,424
4294967294,81
4294967278,263
4294967294,6
4294967294,22
4294967294,1018
4294967279,139
4294967278,132
4294967278,131
4294967278,130
4294967278,129
4294967278,128
4294967278,127
4294967278,126
4294967278,125
4294967278,371
4294967278,124
4294967278,123
4294967278,385
4294967278,122
4294967278,354
4294967278,121
4294967278,249
4294967278,120
4294967278,119
4294967278,118
4294967278,117
4294967278,116
4294967278,239
4294967278,115
4294967278,114
4294967278,113
4294967278,432
4294967278,112
4294967278,111
4294967278,110
4294967278,109
4294967278,108
4294967278,353
4294967278,107
4294967278,223
4294967278,106
4294967278,105
4294967278,369
4294967278,104
4294967278,103
4294967278,102
4294967278,101
4294967278,100
4294967278,368
4294967278,99
4294967278,98
4294967278,366
4294967278,97
4294967278,96
4294967278,95
4294967278,94
4294967278,93
4294967278,321
4294967278,92
4294967278,91
4294967278,423
4294967278,90
4294967278,357
4294967278,89
4294967278,384
4294967278,87
4294967278,86
4294967278,85
4294967278,84
4294967278,83
4294967278,320
4294967278,82
4294967278,81
4294967278,358
4294967278,80
4294967278,318
4294967278,79
4294967278,403
4294967278,78
4294967278,430
4294967278,77
4294967278,76
4294967278,422
4294967278,75
4294967278,437
4294967278,74
4294967278,397
4294967278,73
4294967278,0
4294967278,260
4294967278,72
4294967278,71
4294967278,70
4294967278,69
4294967278,68
4294967278,67
4294967278,66
4294967278,65
4294967278,64
4294967278,63
4294967278,62
4294967278,61
4294967279,298
4294967279,529
4294967279,81
4294967279,341
4294967279,539
4294967279,79
4294967279,574
4294967279,73
4294967279,72
4294967279,67
4294967279,65
4294967279,64
4294967279,63
4294967279,62
4294967279,57
4294967279,53
4294967279,48
4294967279,47
4294967279,42
4294967279,41
4294967279,32
4294967279,29
4294967279,26
4294967279,284
4294967279,20
4294967279,19
4294967279,17
4294967279,16
4294967279,15
4294967279,538
4294967279,11
4294967279,9
4294967279,367
4294967279,8
4294967279,340
4294967279,7
4294967279,555
4294967279,6
4294967279,5
4294967279,4
4294967294,17
4294967294,1167
4294967294,1166
4294967294,1163
4294967294,1158
4294967294,987
4294967279,136
4294967294,43
4294967294,51
4294967294,52
4294967294,12
4294967294,491
4294967294,25
4294967294,26
4294967294,93
4294967294,95
4294967294,67
4294967294,88
4294967294,83
4294967294,11
4294967294,68
0,5
4294967279,291
4294967294,7
4294967294,5
4294967294,1418
4294967279,338
529,5
529,4
529,3
529,2
529,1
527,5
527,4
527,3
527,2
527,1
525,6
4294967279,301
525,5
525,4
525,3
525,2
525,1
4294967278,259
524,5
524,4
524,3
524,2
524,1
523,5
523,4
523,3
523,2
523,1
4294967279,300
522,5
522,4
522,3
522,2
522,1
4294967294,1101
520,4
520,3
520,2
520,1
4294967294,1419
4294967278,256
4294967278,383
4294967278,382
4294967279,297
4294967278,381
4294967278,379
4294967278,376
4294967278,370
4294967279,296
4294967278,343
4294967279,295
4294967278,340
4294967279,267
4294967293,131
4294967293,130
4294967293,129
4294967293,128
4294967293,127
4294967293,126
4294967293,125
4294967293,124
4294967293,123
4294967293,122
4294967293,121
4294967293,120
4294967293,119
4294967293,118
4294967293,117
4294967293,116
4294967293,115
4294967293,114
4294967293,113
4294967293,112
4294967293,111
4294967293,110
4294967293,109
4294967293,108
4294967293,107
4294967293,106
4294967293,105
4294967293,104
4294967293,103
4294967293,102
4294967293,101
4294967293,100
4294967293,99
4294967293,98
4294967293,97
4294967293,96
4294967293,95
4294967293,94
4294967293,93
4294967293,92
4294967293,91
4294967293,90
4294967293,89
4294967293,88
4294967293,87
4294967293,86
4294967293,85
4294967293,84
4294967293,83
4294967293,82
4294967293,81
4294967293,80
4294967293,79
4294967293,78
4294967293,77
4294967293,76
4294967293,75
4294967293,74
4294967293,73
4294967293,72
4294967293,71
4294967293,70
4294967293,69
4294967293,68
4294967293,67
4294967293,66
4294967293,65
4294967293,64
4294967293,63
4294967293,62
4294967293,61
4294967293,60
4294967293,59
4294967293,58
4294967293,57
